SCMBranch=iGate
SCMRepository=iGate/mHealth/CoAP_Cellular_Working_Copy
SCMMainlineUUID={2f0de93c-8f31-4559-8249-477a7d78ae56}
SCMBranchRepositoryID=53512
.gitignore;54344942;1;1503424258;|303267|317960
apache-2.0.txt;4294313609;1;1503424258;|303272|317965
build_all.sh;4008508202;1;1503424258;|303273|317966
clicks.png;1902940265;1;1503424258;|303274|317967
easy-connect.lib;1763083004;1;1503424258;|303275|317968
Jenkinsfile;2464099372;1;1503424258;|303269|317962
LICENSE;2228585902;1;1503424259;|303270|317963
main.cpp;22560066;1;1503424259;|303276|317969
mbed-client.lib;1786954986;1;1503424259;|303277|317970
mbed-os.lib;3478414238;1;1503424259;|303278|317971
mbed_client_config.h;802307649;1;1503424259;|303280|317973
mbed_settings.py;881304422;1;1503424259;|303281|317974
mbedtls_mbed_client_config.h;2109342752;1;1503424259;|303283|317976
pal.lib;3441024353;1;1503424259;|303284|317977
README.md;905010988;1;1503424259;|303271|317964
security.h;4229009222;1;1503424259;|303285|317978
simpleclient.h;2879983365;1;1503424259;|303286|317979
mbed_settings.pyc;3626098766;2;1503425932;|303282|382572
mbed_app.json;2939005541;2;1503430176;|303279|382573
.mbed;2812582707;2;1503429747;|303268|382574
