SCMBranch=iGate
SCMRepository=iGate/mHealth/CoAP_Cellular_Working_Copy/configs
SCMMainlineUUID={2f0de93c-8f31-4559-8249-477a7d78ae56}
SCMBranchRepositoryID=53515
eth-wifi-mbedignore;3753035150;1;1503424259;|303288|317981
eth_v4.json;259351491;1;1503424259;|303289|317982
eth_v6.json;2759105134;1;1503424259;|303290|317983
mesh-mbedignore;1826774692;1;1503424259;|303291|317984
mesh_6lowpan.json;1934060109;1;1503424259;|303292|317985
mesh_6lowpan_subg.json;2245318707;1;1503424259;|303293|317986
mesh_thread.json;4089889837;1;1503424259;|303294|317987
wifi_esp8266_v4.json;2920131770;1;1503424259;|303295|317988
wifi_odin_v4.json;3751547290;1;1503424259;|303296|317989
wifi_v4.json;2920131770;1;1503424259;|303297|317990
